1.380645161290322553e-01 2.227419354838709731e-02 7.993548387096774954e-01 6.758064516129032029e-01 8.887096774193548043e-01
1.346774193548387066e-01 2.220967741935483616e-02 7.996032258064516007e-01 6.564516129032258451e-01 9.016129032258064502e-01
1.459677419354838690e-01 2.188709677419354779e-02 7.993548387096774954e-01 6.854838709677419928e-01 1.030645161290322687e+00
1.414516129032258041e-01 2.240322580645161266e-02 7.992483870967742599e-01 7.435483870967741771e-01 9.274193548387096309e-01
1.391935483870967716e-01 2.266129032258064335e-02 7.996741935483870911e-01 7.241935483870968193e-01 1.017741935483871041e+00
1.335483870967741904e-01 2.272580645161290103e-02 7.998516129032258171e-01 6.951612903225806717e-01 9.209677419354838079e-01
1.312903225806451579e-01 2.285483870967741984e-02 7.999580645161290526e-01 6.854838709677419928e-01 8.629032258064516236e-01
1.437096774193548365e-01 2.253225806451612800e-02 7.994967741935484762e-01 7.145161290322581404e-01 1.043548387096774110e+00
1.403225806451612878e-01 2.253225806451612800e-02 7.996032258064516007e-01 6.370967741935483764e-01 8.758064516129031585e-01
1.358064516129032229e-01 2.208064516129032082e-02 7.992838709677420050e-01 7.048387096774193505e-01 1.011290322580645107e+00
1.391935483870967716e-01 2.246774193548387033e-02 7.996387096774193459e-01 6.951612903225806717e-01 9.532258064516129226e-01
1.369354838709677391e-01 2.304838709677419287e-02 7.997096774193548363e-01 7.725806451612903247e-01 9.080645161290322731e-01
1.358064516129032229e-01 2.227419354838709731e-02 7.996032258064516007e-01 5.887096774193548709e-01 8.822580645161289814e-01
1.380645161290322553e-01 2.266129032258064335e-02 7.994612903225807310e-01 6.661290322580645240e-01 8.499999999999999778e-01
1.414516129032258041e-01 2.272580645161290103e-02 7.997451612903225815e-01 6.274193548387096975e-01 9.983870967741935720e-01
1.233870967741935443e-01 2.266129032258064335e-02 7.995322580645162214e-01 6.854838709677419928e-01 1.050000000000000044e+00
1.346774193548387066e-01 2.246774193548387033e-02 7.995677419354838555e-01 6.467741935483871663e-01 9.854838709677419262e-01
1.414516129032258041e-01 2.227419354838709731e-02 7.995322580645162214e-01 6.661290322580645240e-01 9.790322580645161032e-01
1.312903225806451579e-01 2.195161290322580547e-02 7.997096774193548363e-01 7.048387096774193505e-01 9.661290322580645684e-01
1.346774193548387066e-01 2.285483870967741984e-02 7.993903225806452406e-01 7.241935483870968193e-01 9.467741935483870996e-01
1.391935483870967716e-01 2.291935483870967752e-02 7.994967741935484762e-01 7.532258064516128560e-01 9.403225806451612767e-01
1.279032258064516092e-01 2.253225806451612800e-02 7.995677419354838555e-01 7.338709677419354982e-01 9.725806451612903913e-01
1.482258064516129015e-01 2.246774193548387033e-02 7.994258064516129858e-01 6.370967741935483764e-01 8.693548387096774466e-01
1.425806451612903203e-01 2.240322580645161266e-02 7.993903225806452406e-01 7.145161290322581404e-01 8.951612903225806273e-01
1.369354838709677391e-01 2.311290322580645054e-02 7.996741935483870911e-01 7.048387096774193505e-01 9.596774193548387455e-01
1.324193548387096742e-01 2.214516129032257849e-02 7.997806451612903267e-01 7.629032258064516459e-01 1.004838709677419395e+00
1.459677419354838690e-01 2.279032258064516217e-02 7.996387096774193459e-01 7.338709677419354982e-01 1.024193548387096753e+00
1.403225806451612878e-01 2.233870967741935498e-02 7.994612903225807310e-01 7.629032258064516459e-01 8.564516129032258007e-01
1.301612903225806417e-01 2.259677419354838568e-02 7.991774193548387695e-01 8.209677419354839412e-01 9.338709677419354538e-01
1.437096774193548365e-01 2.208064516129032082e-02 7.997806451612903267e-01 6.758064516129032029e-01 9.145161290322580960e-01
1.369354838709677391e-01 2.233870967741935498e-02 7.994258064516129858e-01 7.145161290322581404e-01 9.919354838709677491e-01
1.324193548387096742e-01 2.259677419354838568e-02 7.995322580645162214e-01 6.564516129032258451e-01 1.037096774193548399e+00
