1.292105263157894701e-01 2.265789473684210603e-02 7.999842105263158532e-01 6.605263157894737391e-01 9.236842105263157743e-01
1.255263157894736803e-01 2.149999999999999828e-02 7.991736842105263694e-01 5.657894736842106198e-01 9.763157894736842479e-01
1.494736842105263142e-01 2.160526315789473503e-02 7.992894736842105496e-01 7.868421052631578982e-01 9.552631578947368141e-01
1.273684210526315752e-01 2.223684210526315555e-02 7.995210526315790212e-01 6.131578947368421240e-01 1.039473684210526327e+00
1.310526315789473650e-01 2.307894736842105304e-02 7.991157894736842238e-01 6.447368421052631637e-01 8.710526315789473006e-01
1.365789473684210498e-01 2.318421052631578980e-02 8.001000000000000334e-01 7.236842105263158187e-01 9.868421052631579649e-01
1.549999999999999989e-01 2.339473684210526330e-02 7.994052631578947299e-01 8.499999999999999778e-01 8.499999999999999778e-01
1.531578947368421040e-01 2.276315789473684278e-02 7.997526315789473816e-01 7.394736842105262831e-01 1.050000000000000044e+00
1.402631578947368396e-01 2.171052631578947179e-02 7.990578947368421892e-01 7.552631578947368585e-01 1.028947368421052611e+00
1.421052631578947345e-01 2.350000000000000006e-02 7.998684210526315619e-01 8.026315789473683626e-01 9.973684210526315708e-01
1.513157894736842091e-01 2.328947368421052655e-02 7.996368421052632014e-01 6.289473684210526994e-01 8.815789473684210176e-01
1.384210526315789447e-01 2.244736842105262906e-02 8.000421052631578878e-01 7.078947368421052433e-01 8.605263157894736947e-01
1.457894736842105243e-01 2.297368421052631629e-02 7.998105263157895273e-01 5.500000000000000444e-01 9.342105263157894912e-01
1.476315789473684192e-01 2.234210526315789230e-02 7.996947368421053470e-01 7.710526315789474339e-01 9.447368421052632081e-01
1.236842105263157854e-01 2.286842105263157954e-02 7.994631578947368755e-01 8.342105263157895134e-01 9.657894736842105310e-01
1.199999999999999956e-01 2.202631578947368204e-02 7.995789473684210558e-01 5.815789473684210842e-01 9.026315789473684514e-01
1.218421052631578905e-01 2.213157894736841880e-02 7.990000000000000435e-01 6.763157894736842035e-01 8.921052631578947345e-01
1.328947368421052599e-01 2.192105263157894529e-02 7.993473684210526953e-01 6.921052631578947789e-01 1.007894736842105399e+00
1.347368421052631549e-01 2.255263157894736581e-02 7.999263157894737075e-01 8.184210526315789380e-01 1.018421052631578894e+00
1.439473684210526294e-01 2.181578947368420854e-02 7.992315789473685150e-01 5.973684210526316596e-01 9.131578947368420573e-01
