1.397979797979798100e-01 2.168181818181818057e-02 7.990111111111111164e-01 6.136363636363636465e-01 8.944444444444444864e-01
1.419191919191919171e-01 2.345959595959595800e-02 8.000222222222223012e-01 8.318181818181817899e-01 9.469696969696970168e-01
1.394444444444444542e-01 2.178282828282828223e-02 7.993555555555555969e-01 7.166666666666666741e-01 8.499999999999999778e-01
1.535858585858586034e-01 2.273232323232323229e-02 7.994333333333333291e-01 8.499999999999999778e-01 1.021717171717171802e+00
1.511111111111111127e-01 2.192424242424242248e-02 7.992888888888889376e-01 6.500000000000000222e-01 8.540404040404040442e-01
1.443939393939394078e-01 2.337878787878787737e-02 7.999777777777777876e-01 6.439393939393939226e-01 8.702020202020201989e-01
1.496969696969696895e-01 2.265151515151515166e-02 7.990888888888889596e-01 5.621212121212121327e-01 8.863636363636363535e-01
1.309595959595959425e-01 2.255050505050505000e-02 7.996666666666667478e-01 7.227272727272726627e-01 9.934343434343434476e-01
1.549999999999999989e-01 2.293434343434343214e-02 7.996444444444444910e-01 6.984848484848484862e-01 9.409090909090909172e-01
1.376767676767676751e-01 2.222727272727272746e-02 7.996777777777778207e-01 5.681818181818182323e-01 9.853535353535354258e-01
1.383838383838383868e-01 2.283333333333333395e-02 7.998444444444444690e-01 7.469696969696969502e-01 8.782828282828282207e-01
1.316666666666666541e-01 2.281313131313131293e-02 7.997444444444444800e-01 7.742424242424241765e-01 9.449494949494949836e-01
1.355555555555555403e-01 2.299494949494949522e-02 7.991222222222222893e-01 8.378787878787878896e-01 9.651515151515152047e-01
1.231818181818181840e-01 2.261111111111110961e-02 8.000666666666667037e-01 6.924242424242423866e-01 9.833333333333333925e-01
1.408585858585858497e-01 2.232828282828282565e-02 7.999555555555556419e-01 6.166666666666666963e-01 9.712121212121211933e-01
1.224747474747474724e-01 2.285353535353535151e-02 7.991666666666666918e-01 6.348484848484848841e-01 9.489898989898990500e-01
1.429797979797979846e-01 2.251010101010100795e-02 7.996333333333334181e-01 8.166666666666666519e-01 1.019696969696969768e+00
1.468686868686868707e-01 2.160101010101009994e-02 7.993222222222222673e-01 7.378787878787878007e-01 9.005050505050504750e-01
1.373232323232323193e-01 2.263131313131313063e-02 7.994666666666666588e-01 6.651515151515151603e-01 1.003535353535353503e+00
1.489898989898989778e-01 2.149999999999999828e-02 7.995333333333333181e-01 5.954545454545454586e-01 8.661616161616161325e-01
1.302525252525252586e-01 2.271212121212121127e-02 7.999000000000000554e-01 6.803030303030302983e-01 8.681818181818181657e-01
1.249494949494949492e-01 2.212626262626262580e-02 7.994111111111111834e-01 6.045454545454546080e-01 1.039898989898989878e+00
1.330808080808080773e-01 2.174242424242424018e-02 7.995444444444445020e-01 5.924242424242424088e-01 9.792929292929293261e-01
1.440404040404040242e-01 2.162121212121212097e-02 7.999888888888889715e-01 7.409090909090909616e-01 9.106060606060606410e-01
1.405050505050504939e-01 2.188383838383838390e-02 7.999666666666667147e-01 6.772727272727272485e-01 1.013636363636363669e+00
1.274242424242424121e-01 2.313636363636363547e-02 7.999333333333333851e-01 8.469696969696969280e-01 1.047979797979798011e+00
1.514646464646464685e-01 2.156060606060605789e-02 7.996222222222222342e-01 7.196969696969697239e-01 9.025252525252525082e-01
1.238888888888888817e-01 2.319696969696969507e-02 7.992444444444445351e-01 7.318181818181818121e-01 9.611111111111111382e-01
1.436868686868686962e-01 2.164141414141413852e-02 7.997000000000000774e-01 7.984848484848484640e-01 9.994949494949495472e-01
1.284848484848484795e-01 2.186363636363636287e-02 7.996555555555555639e-01 7.500000000000000000e-01 8.621212121212120660e-01
1.359090909090908961e-01 2.236868686868686770e-02 7.992333333333333512e-01 6.893939393939394478e-01 9.065656565656565746e-01
1.504040404040404011e-01 2.333838383838383879e-02 7.994999999999999885e-01 7.015151515151515360e-01 1.045959595959595978e+00
1.210606060606060630e-01 2.295454545454545317e-02 7.994888888888889156e-01 5.984848484848485084e-01 9.267676767676767957e-01
1.454545454545454475e-01 2.220707070707070643e-02 7.993444444444445240e-01 5.863636363636364202e-01 9.813131313131313593e-01
1.221212121212121166e-01 2.244949494949494834e-02 7.991000000000000325e-01 7.924242424242423644e-01 1.037878787878787845e+00
1.253030303030303050e-01 2.279292929292929190e-02 7.996000000000000885e-01 6.287878787878787845e-01 9.247474747474747625e-01
1.344949494949495006e-01 2.350000000000000006e-02 7.998666666666667258e-01 5.530303030303030942e-01 9.732323232323232265e-01
1.380303030303030309e-01 2.152020202020201931e-02 7.992777777777778647e-01 8.257575757575756903e-01 9.166666666666666297e-01
1.518181818181818243e-01 2.253030303030302897e-02 7.993777777777778537e-01 6.863636363636363980e-01 9.772727272727272929e-01
1.256565656565656608e-01 2.238888888888888873e-02 7.997333333333334071e-01 6.015151515151515582e-01 9.691919191919191601e-01
1.486363636363636220e-01 2.309595959595959688e-02 7.996888888888888935e-01 7.712121212121212377e-01 1.009595959595959602e+00
1.528787878787878918e-01 2.176262626262626121e-02 7.996111111111111613e-01 8.348484848484847287e-01 8.904040404040404200e-01
1.369696969696969635e-01 2.210606060606060477e-02 7.998555555555555419e-01 5.500000000000000444e-01 8.984848484848484418e-01
1.366161616161616077e-01 2.230808080808080809e-02 7.993666666666666698e-01 5.590909090909090828e-01 8.742424242424242653e-01
1.217676767676767607e-01 2.246969696969696936e-02 7.990333333333333732e-01 8.196969696969695907e-01 9.671717171717172379e-01
1.313131313131312983e-01 2.204545454545454516e-02 7.995111111111111724e-01 6.227272727272727959e-01 1.035858585858585812e+00
1.235353535353535259e-01 2.190404040404040145e-02 7.998777777777777986e-01 7.621212121212120882e-01 9.550505050505050386e-01
1.323737373737373657e-01 2.327777777777777918e-02 7.999444444444444580e-01 8.287878787878787401e-01 1.031818181818181968e+00
1.525252525252525360e-01 2.311616161616161444e-02 7.997888888888888825e-01 7.439393939393939004e-01 8.843434343434343203e-01
1.412121212121212055e-01 2.329797979797979673e-02 7.995666666666667588e-01 7.348484848484848619e-01 1.017676767676767735e+00
1.422727272727272729e-01 2.325757575757575815e-02 8.001000000000000334e-01 6.590909090909090606e-01 1.043939393939393945e+00
1.415656565656565613e-01 2.301515151515151625e-02 8.000555555555556309e-01 7.287878787878787623e-01 9.631313131313131715e-01
1.327272727272727215e-01 2.305555555555555483e-02 8.000000000000000444e-01 6.378787878787879340e-01 9.328282828282827843e-01
1.320202020202020099e-01 2.158080808080807891e-02 7.991333333333333622e-01 8.409090909090908283e-01 1.029797979797979934e+00
1.298989898989899028e-01 2.200505050505050311e-02 7.990555555555556300e-01 5.833333333333333703e-01 1.050000000000000044e+00
1.472222222222222265e-01 2.198484848484848209e-02 7.998000000000000664e-01 6.409090909090908728e-01 9.227272727272727293e-01
1.461616161616161591e-01 2.307575757575757586e-02 7.990444444444444461e-01 6.621212121212121104e-01 9.146464646464647075e-01
1.507575757575757569e-01 2.240909090909090975e-02 7.999111111111111283e-01 5.803030303030303205e-01 9.570707070707070718e-01
1.542929292929292873e-01 2.214646464646464682e-02 7.997555555555555529e-01 7.893939393939393145e-01 9.186868686868686629e-01
1.521717171717171802e-01 2.224747474747474502e-02 7.999222222222223122e-01 6.530303030303030720e-01 9.348484848484848175e-01
1.493434343434343337e-01 2.172222222222221916e-02 7.994444444444445130e-01 7.590909090909090384e-01 9.207070707070706961e-01
1.270707070707070563e-01 2.184343434343434184e-02 7.990666666666667028e-01 7.560606060606060996e-01 8.520202020202020110e-01
1.295454545454545470e-01 2.259090909090908858e-02 7.998888888888888715e-01 6.106060606060605966e-01 8.924242424242424532e-01
1.228282828282828282e-01 2.170202020202020160e-02 7.997222222222222232e-01 5.651515151515151825e-01 9.388888888888888840e-01
1.263636363636363724e-01 2.341919191919191942e-02 7.994555555555555859e-01 6.712121212121212599e-01 1.007575757575757569e+00
1.451010101010100917e-01 2.242929292929292731e-02 7.995888888888889046e-01 8.075757575757576134e-01 9.954545454545454808e-01
1.334343434343434331e-01 2.166161616161615955e-02 7.993888888888889266e-01 7.075757575757575246e-01 9.429292929292929504e-01
1.306060606060606144e-01 2.180303030303030326e-02 8.000444444444444470e-01 5.742424242424243319e-01 9.914141414141414144e-01
1.291919191919191912e-01 2.343939393939394045e-02 7.992000000000000215e-01 8.136363636363636020e-01 8.641414141414140992e-01
1.203535353535353514e-01 2.335858585858585981e-02 7.998111111111111393e-01 5.560606060606061440e-01 1.033838383838384001e+00
1.207070707070707072e-01 2.347979797979797903e-02 7.994777777777778427e-01 6.742424242424243097e-01 9.873737373737374590e-01
1.390909090909090984e-01 2.269191919191919024e-02 8.000333333333333741e-01 5.772727272727272707e-01 9.974747474747475140e-01
1.532323232323232198e-01 2.297474747474747420e-02 7.991777777777777647e-01 7.863636363636363757e-01 1.023737373737373835e+00
1.433333333333333404e-01 2.154040404040404033e-02 7.995777777777778317e-01 7.530303030303030498e-01 1.011616161616161635e+00
1.465151515151515149e-01 2.202525252525252414e-02 7.991888888888889486e-01 8.227272727272727515e-01 9.530303030303030054e-01
1.479292929292929382e-01 2.303535353535353380e-02 7.997666666666667368e-01 7.257575757575757125e-01 1.015656565656565702e+00
1.500505050505050453e-01 2.331818181818181776e-02 7.994222222222222562e-01 6.560606060606061218e-01 9.308080808080808621e-01
1.267171717171717005e-01 2.228787878787878707e-02 7.997777777777778097e-01 7.681818181818181879e-01 9.085858585858586078e-01
1.352020202020202122e-01 2.275252525252525332e-02 8.000777777777777766e-01 6.075757575757576578e-01 1.005555555555555536e+00
1.539393939393939315e-01 2.248989898989899039e-02 7.995222222222222452e-01 6.469696969696969724e-01 8.803030303030302539e-01
1.348484848484848564e-01 2.277272727272727088e-02 7.998222222222222122e-01 8.439393939393938782e-01 9.287878787878788289e-01
1.281313131313131237e-01 2.323737373737373713e-02 7.997111111111111503e-01 7.833333333333333259e-01 9.368686868686868507e-01
1.401515151515151381e-01 2.196464646464646453e-02 7.991111111111111054e-01 7.772727272727272263e-01 8.883838383838383868e-01
1.341414141414141448e-01 2.287373737373737254e-02 7.998333333333333961e-01 6.257575757575757347e-01 8.722222222222222321e-01
1.337878787878787890e-01 2.289393939393939356e-02 7.993111111111111944e-01 7.106060606060605744e-01 1.041919191919191912e+00
1.426262626262626287e-01 2.194444444444444350e-02 7.990777777777777757e-01 6.833333333333333481e-01 9.752525252525252597e-01
1.362626262626262519e-01 2.208585858585858375e-02 7.992111111111112054e-01 7.045454545454545858e-01 8.560606060606060774e-01
1.245959595959595934e-01 2.216666666666666438e-02 7.990222222222223003e-01 7.136363636363636243e-01 8.964646464646464086e-01
1.482828282828282940e-01 2.226767676767676604e-02 8.000888888888889605e-01 8.015151515151515138e-01 8.601010101010100328e-01
1.475757575757575824e-01 2.182323232323232082e-02 7.990000000000000435e-01 6.196969696969697461e-01 9.510101010101010832e-01
1.458080808080808033e-01 2.291414141414141459e-02 7.993333333333333401e-01 8.045454545454544526e-01 8.823232323232322871e-01
1.242424242424242375e-01 2.317676767676767752e-02 7.995555555555555749e-01 7.803030303030302761e-01 8.580808080808081106e-01
1.199999999999999956e-01 2.206565656565656619e-02 8.000111111111111173e-01 5.893939393939394700e-01 1.001515151515151469e+00
1.288383838383838353e-01 2.218686868686868541e-02 7.993999999999999995e-01 6.954545454545454364e-01 9.893939393939394922e-01
1.546464646464646431e-01 2.321717171717171610e-02 7.992555555555556079e-01 8.106060606060605522e-01 9.590909090909091050e-01
1.447474747474747359e-01 2.257070707070707102e-02 7.992666666666666808e-01 7.651515151515151381e-01 9.126262626262626743e-01
1.387373737373737426e-01 2.267171717171716921e-02 7.993000000000000105e-01 5.712121212121212821e-01 8.762626262626262985e-01
1.277777777777777679e-01 2.315656565656565649e-02 7.991555555555556190e-01 7.954545454545454142e-01 1.027777777777777901e+00
1.214141414141414049e-01 2.234848484848484668e-02 7.991444444444444350e-01 6.681818181818182101e-01 9.045454545454545414e-01
1.260101010101010166e-01 2.339898989898989839e-02 7.992222222222222783e-01 6.318181818181818343e-01 1.025757575757575868e+00
