1.549999999999999989e-01 2.176666666666666680e-02 8.333333333333333703e-01 6.700000000000000400e-01 9.566666666666666652e-01
1.456666666666666665e-01 2.336666666666666753e-02 7.133333333333332638e-01 8.499999999999999778e-01 9.300000000000000488e-01
1.386666666666666603e-01 2.149999999999999828e-02 6.999999999999999556e-01 7.299999999999999822e-01 8.766666666666667052e-01
1.526666666666666727e-01 2.256666666666666543e-02 8.599999999999999867e-01 7.700000000000000178e-01 9.833333333333333925e-01
1.270000000000000018e-01 2.203333333333333185e-02 7.933333333333333348e-01 6.900000000000000577e-01 9.433333333333333570e-01
1.503333333333333188e-01 2.216666666666666438e-02 7.800000000000000266e-01 5.900000000000000799e-01 9.699999999999999734e-01
1.409999999999999865e-01 2.296666666666666648e-02 8.066666666666666430e-01 7.900000000000000355e-01 1.036666666666666625e+00
1.363333333333333341e-01 2.163333333333333081e-02 7.666666666666666075e-01 6.300000000000000044e-01 1.023333333333333428e+00
1.316666666666666541e-01 2.243333333333333290e-02 8.866666666666667140e-01 8.100000000000000533e-01 9.966666666666667007e-01
1.433333333333333404e-01 2.189999999999999933e-02 7.399999999999999911e-01 8.300000000000000711e-01 8.633333333333332860e-01
1.199999999999999956e-01 2.230000000000000038e-02 8.199999999999999512e-01 7.099999999999999645e-01 1.050000000000000044e+00
1.479999999999999927e-01 2.309999999999999901e-02 9.000000000000000222e-01 6.500000000000000222e-01 9.166666666666666297e-01
1.293333333333333279e-01 2.323333333333333153e-02 7.266666666666666829e-01 6.099999999999999867e-01 1.010000000000000009e+00
1.223333333333333356e-01 2.269999999999999796e-02 7.533333333333332993e-01 5.700000000000000622e-01 8.900000000000000133e-01
1.340000000000000080e-01 2.350000000000000006e-02 8.466666666666666785e-01 7.500000000000000000e-01 8.499999999999999778e-01
1.246666666666666617e-01 2.283333333333333395e-02 8.733333333333332948e-01 5.500000000000000444e-01 9.033333333333333215e-01
